Total patients coded: 15227

Patients coded in the highest 10 practices: 2450

Summary stats by practice:
count    2545.000000
mean        5.983104
std        20.827574
min         0.000000
25%         1.000000
50%         3.000000
75%         7.000000
max       624.000000
Name: long_covid, dtype: float64

Distribution of coding within practices: long_covid
(-1, 0]        424
(0, 1]         383
(1, 2]         296
(2, 3]         257
(3, 4]         204
(4, 5]         172
(5, 10]        459
(10, 10000]    350
Name: long_covid, dtype: int64

Timing of first_long_covid_date relative to COVID:
(-1000, -1]     110.0
(-1, 0]          68.0
(0, 28]        2006.0
(28, 56]        977.0
(56, 84]       1016.0
(84, 112]      1368.0
(112, 140]     1217.0
(140, 168]      907.0
(168, 196]      921.0
(196, 1000]    3011.0
dtype: float64

Timing of snomed_1325161000000102_date relative to COVID:
(-1000, -1]     34.0
(-1, 0]         20.0
(0, 28]        114.0
(28, 56]       165.0
(56, 84]       170.0
(84, 112]      322.0
(112, 140]     337.0
(140, 168]     291.0
(168, 196]     296.0
(196, 1000]    964.0
dtype: float64

Timing of snomed_1325181000000106_date relative to COVID:
(-1000, -1]     37.0
(-1, 0]         19.0
(0, 28]        848.0
(28, 56]       519.0
(56, 84]       315.0
(84, 112]      196.0
(112, 140]     129.0
(140, 168]      97.0
(168, 196]     100.0
(196, 1000]    341.0
dtype: float64

Timing of snomed_1325021000000106_date relative to COVID:
(-1000, -1]       NaN
(-1, 0]          20.0
(0, 28]        1006.0
(28, 56]        189.0
(56, 84]        309.0
(84, 112]       395.0
(112, 140]      253.0
(140, 168]      191.0
(168, 196]      167.0
(196, 1000]     667.0
dtype: float64

Timing of snomed_1325031000000108_date relative to COVID:
(-1000, -1]      21.0
(-1, 0]          11.0
(0, 28]          55.0
(28, 56]        112.0
(56, 84]        166.0
(84, 112]       327.0
(112, 140]      364.0
(140, 168]      299.0
(168, 196]      361.0
(196, 1000]    1384.0
dtype: float64

Timing of snomed_1325041000000104_date relative to COVID:
(-1000, -1]     18.0
(-1, 0]          NaN
(0, 28]         75.0
(28, 56]       118.0
(56, 84]       202.0
(84, 112]      349.0
(112, 140]     412.0
(140, 168]     326.0
(168, 196]     296.0
(196, 1000]    808.0
dtype: float64

